Baterie
845 287
0
12V
2
-2.000000 0.000000
2.000000 0.000000
6
L
-2.000000 0.000000 -1.000000 0.000000
L
-1.000000 -0.500000 -1.000000 0.500000
L
0.000000 -0.500000 0.000000 0.500000
L
-0.500000 -1.000000 -0.500000 1.000000
L
0.500000 -1.000000 0.500000 1.000000
L
0.500000 0.000000 2.000000 0.000000
1

Rezistenta
1009 256
0
220ohm
2
-2.000000 0.000000
2.000000 0.000000
3
L
-2.000000 0.000000 -1.000000 0.000000
L
1.000000 0.000000 2.000000 0.000000
R
-1.000000 -0.500000 1.000000 0.500000
2

Nod
993 254
0
-
1
0.000000 0.000000
0
1

Poarta-Si-Nu
1150 367
0
0.7V
3
-3.000000 -1.000000
-3.000000 1.000000
4.000000 0.000000
8
A
1.000000 0.000000 1.500000 0.000000
L
-2.000000 -1.500000 1.000000 -1.500000
L
-2.000000 1.500000 1.000000 1.500000
L
-2.000000 -1.500000 -2.000000 1.500000
L
-2.000000 -1.000000 -2.500000 -1.000000
L
-2.000000 1.000000 -2.500000 1.000000
L
3.000000 0.000000 4.000000 0.000000
O
2.750000 0.000000 0.350000 0.350000
1

Nod
1129 360
0
-
1
0.000000 0.000000
0
2

Nod
1023 496
0
-
1
0.000000 0.000000
0
3

Nod
858 409
0
-
1
0.000000 0.000000
0
4

Nod
1054 523
0
-
1
0.000000 0.000000
0
5

